<!DOCTYPE html>

<html>

<head>

<meta charset="utf-8" />
<meta name="generator" content="pandoc" />
<meta http-equiv="X-UA-Compatible" content="IE=EDGE" />

<meta name="viewport" content="width=device-width, initial-scale=1" />



<title>homework-3</title>



<style type="text/css">code{white-space: pre;}</style>
<style type="text/css" data-origin="pandoc">
a.sourceLine { display: inline-block; line-height: 1.25; }
a.sourceLine { pointer-events: none; color: inherit; text-decoration: inherit; }
a.sourceLine:empty { height: 1.2em; }
.sourceCode { overflow: visible; }
code.sourceCode { white-space: pre; position: relative; }
div.sourceCode { margin: 1em 0; }
pre.sourceCode { margin: 0; }
@media screen {
div.sourceCode { overflow: auto; }
}
@media print {
code.sourceCode { white-space: pre-wrap; }
a.sourceLine { text-indent: -1em; padding-left: 1em; }
}
pre.numberSource a.sourceLine
  { position: relative; left: -4em; }
pre.numberSource a.sourceLine::before
  { content: attr(data-line-number);
    position: relative; left: -1em; text-align: right; vertical-align: baseline;
    border: none; pointer-events: all; display: inline-block;
    -webkit-touch-callout: none; -webkit-user-select: none;
    -khtml-user-select: none; -moz-user-select: none;
    -ms-user-select: none; user-select: none;
    padding: 0 4px; width: 4em;
    color: #aaaaaa;
  }
pre.numberSource { margin-left: 3em; border-left: 1px solid #aaaaaa;  padding-left: 4px; }
div.sourceCode
  {  }
@media screen {
a.sourceLine::before { text-decoration: underline; }
}
code span.al { color: #ff0000; font-weight: bold; } /* Alert */
code span.an { color: #60a0b0; font-weight: bold; font-style: italic; } /* Annotation */
code span.at { color: #7d9029; } /* Attribute */
code span.bn { color: #40a070; } /* BaseN */
code span.bu { } /* BuiltIn */
code span.cf { color: #007020; font-weight: bold; } /* ControlFlow */
code span.ch { color: #4070a0; } /* Char */
code span.cn { color: #880000; } /* Constant */
code span.co { color: #60a0b0; font-style: italic; } /* Comment */
code span.cv { color: #60a0b0; font-weight: bold; font-style: italic; } /* CommentVar */
code span.do { color: #ba2121; font-style: italic; } /* Documentation */
code span.dt { color: #902000; } /* DataType */
code span.dv { color: #40a070; } /* DecVal */
code span.er { color: #ff0000; font-weight: bold; } /* Error */
code span.ex { } /* Extension */
code span.fl { color: #40a070; } /* Float */
code span.fu { color: #06287e; } /* Function */
code span.im { } /* Import */
code span.in { color: #60a0b0; font-weight: bold; font-style: italic; } /* Information */
code span.kw { color: #007020; font-weight: bold; } /* Keyword */
code span.op { color: #666666; } /* Operator */
code span.ot { color: #007020; } /* Other */
code span.pp { color: #bc7a00; } /* Preprocessor */
code span.sc { color: #4070a0; } /* SpecialChar */
code span.ss { color: #bb6688; } /* SpecialString */
code span.st { color: #4070a0; } /* String */
code span.va { color: #19177c; } /* Variable */
code span.vs { color: #4070a0; } /* VerbatimString */
code span.wa { color: #60a0b0; font-weight: bold; font-style: italic; } /* Warning */

</style>
<script>
// apply pandoc div.sourceCode style to pre.sourceCode instead
(function() {
  var sheets = document.styleSheets;
  for (var i = 0; i < sheets.length; i++) {
    if (sheets[i].ownerNode.dataset["origin"] !== "pandoc") continue;
    try { var rules = sheets[i].cssRules; } catch (e) { continue; }
    for (var j = 0; j < rules.length; j++) {
      var rule = rules[j];
      // check if there is a div.sourceCode rule
      if (rule.type !== rule.STYLE_RULE || rule.selectorText !== "div.sourceCode") continue;
      var style = rule.style.cssText;
      // check if color or background-color is set
      if (rule.style.color === '' && rule.style.backgroundColor === '') continue;
      // replace div.sourceCode by a pre.sourceCode rule
      sheets[i].deleteRule(j);
      sheets[i].insertRule('pre.sourceCode{' + style + '}', j);
    }
  }
})();
</script>



<style type="text/css">body {
background-color: #fff;
margin: 1em auto;
max-width: 700px;
overflow: visible;
padding-left: 2em;
padding-right: 2em;
font-family: "Open Sans", "Helvetica Neue", Helvetica, Arial, sans-serif;
font-size: 14px;
line-height: 1.35;
}
#TOC {
clear: both;
margin: 0 0 10px 10px;
padding: 4px;
width: 400px;
border: 1px solid #CCCCCC;
border-radius: 5px;
background-color: #f6f6f6;
font-size: 13px;
line-height: 1.3;
}
#TOC .toctitle {
font-weight: bold;
font-size: 15px;
margin-left: 5px;
}
#TOC ul {
padding-left: 40px;
margin-left: -1.5em;
margin-top: 5px;
margin-bottom: 5px;
}
#TOC ul ul {
margin-left: -2em;
}
#TOC li {
line-height: 16px;
}
table {
margin: 1em auto;
border-width: 1px;
border-color: #DDDDDD;
border-style: outset;
border-collapse: collapse;
}
table th {
border-width: 2px;
padding: 5px;
border-style: inset;
}
table td {
border-width: 1px;
border-style: inset;
line-height: 18px;
padding: 5px 5px;
}
table, table th, table td {
border-left-style: none;
border-right-style: none;
}
table thead, table tr.even {
background-color: #f7f7f7;
}
p {
margin: 0.5em 0;
}
blockquote {
background-color: #f6f6f6;
padding: 0.25em 0.75em;
}
hr {
border-style: solid;
border: none;
border-top: 1px solid #777;
margin: 28px 0;
}
dl {
margin-left: 0;
}
dl dd {
margin-bottom: 13px;
margin-left: 13px;
}
dl dt {
font-weight: bold;
}
ul {
margin-top: 0;
}
ul li {
list-style: circle outside;
}
ul ul {
margin-bottom: 0;
}
pre, code {
background-color: #f7f7f7;
border-radius: 3px;
color: #333;
white-space: pre-wrap; 
}
pre {
border-radius: 3px;
margin: 5px 0px 10px 0px;
padding: 10px;
}
pre:not([class]) {
background-color: #f7f7f7;
}
code {
font-family: Consolas, Monaco, 'Courier New', monospace;
font-size: 85%;
}
p > code, li > code {
padding: 2px 0px;
}
div.figure {
text-align: center;
}
img {
background-color: #FFFFFF;
padding: 2px;
border: 1px solid #DDDDDD;
border-radius: 3px;
border: 1px solid #CCCCCC;
margin: 0 5px;
}
h1 {
margin-top: 0;
font-size: 35px;
line-height: 40px;
}
h2 {
border-bottom: 4px solid #f7f7f7;
padding-top: 10px;
padding-bottom: 2px;
font-size: 145%;
}
h3 {
border-bottom: 2px solid #f7f7f7;
padding-top: 10px;
font-size: 120%;
}
h4 {
border-bottom: 1px solid #f7f7f7;
margin-left: 8px;
font-size: 105%;
}
h5, h6 {
border-bottom: 1px solid #ccc;
font-size: 105%;
}
a {
color: #0033dd;
text-decoration: none;
}
a:hover {
color: #6666ff; }
a:visited {
color: #800080; }
a:visited:hover {
color: #BB00BB; }
a[href^="http:"] {
text-decoration: underline; }
a[href^="https:"] {
text-decoration: underline; }

code > span.kw { color: #555; font-weight: bold; } 
code > span.dt { color: #902000; } 
code > span.dv { color: #40a070; } 
code > span.bn { color: #d14; } 
code > span.fl { color: #d14; } 
code > span.ch { color: #d14; } 
code > span.st { color: #d14; } 
code > span.co { color: #888888; font-style: italic; } 
code > span.ot { color: #007020; } 
code > span.al { color: #ff0000; font-weight: bold; } 
code > span.fu { color: #900; font-weight: bold; } 
code > span.er { color: #a61717; background-color: #e3d2d2; } 
</style>




</head>

<body>




<h1 class="title toc-ignore">homework-3</h1>



<div class="sourceCode" id="cb1"><pre class="sourceCode r"><code class="sourceCode r"><a class="sourceLine" id="cb1-1" data-line-number="1"><span class="kw">library</span>(bis557)</a></code></pre></div>
<p>Question 1</p>
<div class="sourceCode" id="cb2"><pre class="sourceCode r"><code class="sourceCode r"><a class="sourceLine" id="cb2-1" data-line-number="1"><span class="co">#the linear Hessian is well-conditioned</span></a>
<a class="sourceLine" id="cb2-2" data-line-number="2"><span class="kw">set.seed</span>(<span class="dv">2020</span>)</a>
<a class="sourceLine" id="cb2-3" data-line-number="3">X &lt;-<span class="st"> </span><span class="kw">matrix</span>(<span class="kw">rnorm</span>(<span class="dv">10</span>), <span class="dt">ncol=</span><span class="dv">2</span>)</a>
<a class="sourceLine" id="cb2-4" data-line-number="4"><span class="co">#calculate condition number</span></a>
<a class="sourceLine" id="cb2-5" data-line-number="5">svals&lt;-<span class="st"> </span><span class="kw">svd</span>(X)<span class="op">$</span>d</a>
<a class="sourceLine" id="cb2-6" data-line-number="6"><span class="kw">max</span>(svals)<span class="op">/</span><span class="st"> </span><span class="kw">min</span>(svals)</a>
<a class="sourceLine" id="cb2-7" data-line-number="7"><span class="co">#&gt; [1] 1.610345</span></a></code></pre></div>
<div class="sourceCode" id="cb3"><pre class="sourceCode r"><code class="sourceCode r"><a class="sourceLine" id="cb3-1" data-line-number="1"><span class="co">#the logistic variation is not</span></a>
<a class="sourceLine" id="cb3-2" data-line-number="2">X &lt;-<span class="st"> </span><span class="kw">cbind</span>(<span class="kw">rep</span>(<span class="dv">1</span>,<span class="dv">5</span>), X)</a>
<a class="sourceLine" id="cb3-3" data-line-number="3">beta &lt;-<span class="st"> </span><span class="kw">c</span>(<span class="fl">0.1</span>, <span class="dv">100</span>,<span class="dv">1</span>)</a>
<a class="sourceLine" id="cb3-4" data-line-number="4">mu &lt;-<span class="st"> </span><span class="dv">1</span> <span class="op">/</span><span class="st"> </span>(<span class="dv">1</span><span class="op">+</span><span class="kw">exp</span>(<span class="op">-</span>X <span class="op">%*%</span><span class="st"> </span>beta))</a>
<a class="sourceLine" id="cb3-5" data-line-number="5">D &lt;-<span class="st"> </span><span class="kw">diag</span>(<span class="dt">x=</span><span class="kw">as.vector</span>(mu), <span class="dt">nrow=</span><span class="dv">5</span>, <span class="dt">ncol=</span><span class="dv">5</span>)</a>
<a class="sourceLine" id="cb3-6" data-line-number="6">H &lt;-<span class="st"> </span><span class="kw">t</span>(X) <span class="op">%*%</span><span class="st"> </span>D <span class="op">%*%</span><span class="st"> </span>X</a>
<a class="sourceLine" id="cb3-7" data-line-number="7"><span class="co">#calculate condition number</span></a>
<a class="sourceLine" id="cb3-8" data-line-number="8">svals&lt;-<span class="st"> </span><span class="kw">svd</span>(H)<span class="op">$</span>d</a>
<a class="sourceLine" id="cb3-9" data-line-number="9"><span class="kw">max</span>(svals)<span class="op">/</span><span class="st"> </span><span class="kw">min</span>(svals)</a>
<a class="sourceLine" id="cb3-10" data-line-number="10"><span class="co">#&gt; [1] 6.688635e+16</span></a></code></pre></div>
<p>Question 2</p>
<p>1st-order solution for the GLM maximum likelihood problem: constant step size</p>
<div class="sourceCode" id="cb4"><pre class="sourceCode r"><code class="sourceCode r"><a class="sourceLine" id="cb4-1" data-line-number="1"><span class="kw">set.seed</span>(<span class="dv">20</span>)</a>
<a class="sourceLine" id="cb4-2" data-line-number="2">n =<span class="st"> </span><span class="dv">1000</span>; p =<span class="st"> </span><span class="dv">5</span></a>
<a class="sourceLine" id="cb4-3" data-line-number="3">X &lt;-<span class="st"> </span><span class="kw">cbind</span>(<span class="dv">1</span>, <span class="kw">matrix</span>(<span class="kw">rnorm</span>(n<span class="op">*</span>(p<span class="dv">-1</span>)), <span class="dt">ncol=</span>p<span class="dv">-1</span>))</a>
<a class="sourceLine" id="cb4-4" data-line-number="4">Y =<span class="st"> </span><span class="kw">sample</span>(<span class="kw">c</span>(<span class="dv">0</span>,<span class="dv">1</span>), <span class="dt">replace=</span><span class="ot">TRUE</span>, <span class="dt">size=</span>n)</a>
<a class="sourceLine" id="cb4-5" data-line-number="5"><span class="kw">glm_grad</span>(X, Y, <span class="dt">update=</span><span class="ot">FALSE</span>)</a>
<a class="sourceLine" id="cb4-6" data-line-number="6"><span class="co">#&gt; [[1]]</span></a>
<a class="sourceLine" id="cb4-7" data-line-number="7"><span class="co">#&gt;             [,1]</span></a>
<a class="sourceLine" id="cb4-8" data-line-number="8"><span class="co">#&gt; [1,] -0.70550039</span></a>
<a class="sourceLine" id="cb4-9" data-line-number="9"><span class="co">#&gt; [2,] -0.00184793</span></a>
<a class="sourceLine" id="cb4-10" data-line-number="10"><span class="co">#&gt; [3,] -0.09250006</span></a>
<a class="sourceLine" id="cb4-11" data-line-number="11"><span class="co">#&gt; [4,]  0.04454898</span></a>
<a class="sourceLine" id="cb4-12" data-line-number="12"><span class="co">#&gt; [5,]  0.06017863</span></a></code></pre></div>
<p>1st-order solution for the GLM maximum likelihood problem: adaptive step size</p>
<div class="sourceCode" id="cb5"><pre class="sourceCode r"><code class="sourceCode r"><a class="sourceLine" id="cb5-1" data-line-number="1"><span class="kw">glm_grad</span>(X, Y, <span class="dt">update=</span><span class="ot">TRUE</span>)</a>
<a class="sourceLine" id="cb5-2" data-line-number="2"><span class="co">#&gt; [[1]]</span></a>
<a class="sourceLine" id="cb5-3" data-line-number="3"><span class="co">#&gt;               [,1]</span></a>
<a class="sourceLine" id="cb5-4" data-line-number="4"><span class="co">#&gt; [1,] -0.2020982895</span></a>
<a class="sourceLine" id="cb5-5" data-line-number="5"><span class="co">#&gt; [2,]  0.0008404792</span></a>
<a class="sourceLine" id="cb5-6" data-line-number="6"><span class="co">#&gt; [3,] -0.0134230734</span></a>
<a class="sourceLine" id="cb5-7" data-line-number="7"><span class="co">#&gt; [4,]  0.0051157479</span></a>
<a class="sourceLine" id="cb5-8" data-line-number="8"><span class="co">#&gt; [5,]  0.0133863702</span></a>
<a class="sourceLine" id="cb5-9" data-line-number="9"><span class="kw">library</span>(MASS)</a>
<a class="sourceLine" id="cb5-10" data-line-number="10">df &lt;-<span class="st"> </span><span class="kw">as.data.frame</span>(<span class="kw">cbind</span>(X,Y))</a>
<a class="sourceLine" id="cb5-11" data-line-number="11"><span class="kw">glm</span>(Y <span class="op">~</span><span class="st"> </span>.<span class="op">-</span><span class="dv">1</span>, <span class="dt">data=</span>df, <span class="dt">family =</span> <span class="kw">poisson</span>(<span class="dt">link=</span><span class="st">&quot;log&quot;</span>))</a>
<a class="sourceLine" id="cb5-12" data-line-number="12"><span class="co">#&gt; </span></a>
<a class="sourceLine" id="cb5-13" data-line-number="13"><span class="co">#&gt; Call:  glm(formula = Y ~ . - 1, family = poisson(link = &quot;log&quot;), data = df)</span></a>
<a class="sourceLine" id="cb5-14" data-line-number="14"><span class="co">#&gt; </span></a>
<a class="sourceLine" id="cb5-15" data-line-number="15"><span class="co">#&gt; Coefficients:</span></a>
<a class="sourceLine" id="cb5-16" data-line-number="16"><span class="co">#&gt;        V1         V2         V3         V4         V5  </span></a>
<a class="sourceLine" id="cb5-17" data-line-number="17"><span class="co">#&gt; -0.710432  -0.001723  -0.095592   0.046264   0.061304  </span></a>
<a class="sourceLine" id="cb5-18" data-line-number="18"><span class="co">#&gt; </span></a>
<a class="sourceLine" id="cb5-19" data-line-number="19"><span class="co">#&gt; Degrees of Freedom: 1000 Total (i.e. Null);  995 Residual</span></a>
<a class="sourceLine" id="cb5-20" data-line-number="20"><span class="co">#&gt; Null Deviance:       1006 </span></a>
<a class="sourceLine" id="cb5-21" data-line-number="21"><span class="co">#&gt; Residual Deviance: 687.7     AIC: 1692</span></a></code></pre></div>
<p>Here we can see the fitting of constant step size is a little better.</p>
<p>Question 3</p>
<p>The classification model to generalize logistic regression to accommodate 3 classes</p>
<div class="sourceCode" id="cb6"><pre class="sourceCode r"><code class="sourceCode r"><a class="sourceLine" id="cb6-1" data-line-number="1"><span class="co">#test the algorithm</span></a>
<a class="sourceLine" id="cb6-2" data-line-number="2">X &lt;-<span class="st"> </span><span class="kw">matrix</span>(<span class="kw">rnorm</span>(<span class="dv">500</span>), <span class="dt">ncol=</span><span class="dv">5</span>)</a>
<a class="sourceLine" id="cb6-3" data-line-number="3">y &lt;-<span class="st"> </span><span class="kw">sample</span>(<span class="kw">c</span>(<span class="dv">1</span>,<span class="dv">2</span>,<span class="dv">3</span>) , <span class="dt">size=</span><span class="dv">100</span>, <span class="dt">replace =</span> T)</a>
<a class="sourceLine" id="cb6-4" data-line-number="4"><span class="kw">class_log</span>(X,y, <span class="dt">class=</span><span class="dv">3</span>)</a>
<a class="sourceLine" id="cb6-5" data-line-number="5"><span class="co">#&gt; $fit</span></a>
<a class="sourceLine" id="cb6-6" data-line-number="6"><span class="co">#&gt;             [,1]       [,2]       [,3]</span></a>
<a class="sourceLine" id="cb6-7" data-line-number="7"><span class="co">#&gt;   [1,] 0.3402711 0.15697081 0.50275809</span></a>
<a class="sourceLine" id="cb6-8" data-line-number="8"><span class="co">#&gt;   [2,] 0.3669822 0.41921569 0.21380209</span></a>
<a class="sourceLine" id="cb6-9" data-line-number="9"><span class="co">#&gt;   [3,] 0.3811645 0.49334120 0.12549434</span></a>
<a class="sourceLine" id="cb6-10" data-line-number="10"><span class="co">#&gt;   [4,] 0.2077950 0.11521606 0.67698889</span></a>
<a class="sourceLine" id="cb6-11" data-line-number="11"><span class="co">#&gt;   [5,] 0.3586300 0.47640691 0.16496314</span></a>
<a class="sourceLine" id="cb6-12" data-line-number="12"><span class="co">#&gt;   [6,] 0.2934174 0.62406504 0.08251759</span></a>
<a class="sourceLine" id="cb6-13" data-line-number="13"><span class="co">#&gt;   [7,] 0.5211966 0.18901958 0.28978381</span></a>
<a class="sourceLine" id="cb6-14" data-line-number="14"><span class="co">#&gt;   [8,] 0.1900963 0.11559882 0.69430493</span></a>
<a class="sourceLine" id="cb6-15" data-line-number="15"><span class="co">#&gt;   [9,] 0.1525582 0.45018620 0.39725560</span></a>
<a class="sourceLine" id="cb6-16" data-line-number="16"><span class="co">#&gt;  [10,] 0.3483038 0.37310135 0.27859485</span></a>
<a class="sourceLine" id="cb6-17" data-line-number="17"><span class="co">#&gt;  [11,] 0.3217075 0.09655137 0.58174112</span></a>
<a class="sourceLine" id="cb6-18" data-line-number="18"><span class="co">#&gt;  [12,] 0.5197914 0.08092050 0.39928813</span></a>
<a class="sourceLine" id="cb6-19" data-line-number="19"><span class="co">#&gt;  [13,] 0.1916419 0.41819740 0.39016070</span></a>
<a class="sourceLine" id="cb6-20" data-line-number="20"><span class="co">#&gt;  [14,] 0.3186558 0.56062751 0.12071672</span></a>
<a class="sourceLine" id="cb6-21" data-line-number="21"><span class="co">#&gt;  [15,] 0.3349993 0.42653629 0.23846446</span></a>
<a class="sourceLine" id="cb6-22" data-line-number="22"><span class="co">#&gt;  [16,] 0.2139189 0.34733949 0.43874158</span></a>
<a class="sourceLine" id="cb6-23" data-line-number="23"><span class="co">#&gt;  [17,] 0.1882419 0.21104434 0.60071378</span></a>
<a class="sourceLine" id="cb6-24" data-line-number="24"><span class="co">#&gt;  [18,] 0.2545151 0.08030394 0.66518096</span></a>
<a class="sourceLine" id="cb6-25" data-line-number="25"><span class="co">#&gt;  [19,] 0.2609638 0.47886575 0.26017049</span></a>
<a class="sourceLine" id="cb6-26" data-line-number="26"><span class="co">#&gt;  [20,] 0.3031191 0.11336138 0.58351953</span></a>
<a class="sourceLine" id="cb6-27" data-line-number="27"><span class="co">#&gt;  [21,] 0.1830860 0.33865637 0.47825762</span></a>
<a class="sourceLine" id="cb6-28" data-line-number="28"><span class="co">#&gt;  [22,] 0.2943140 0.35349787 0.35218816</span></a>
<a class="sourceLine" id="cb6-29" data-line-number="29"><span class="co">#&gt;  [23,] 0.3144615 0.18856581 0.49697265</span></a>
<a class="sourceLine" id="cb6-30" data-line-number="30"><span class="co">#&gt;  [24,] 0.3965600 0.48272439 0.12071558</span></a>
<a class="sourceLine" id="cb6-31" data-line-number="31"><span class="co">#&gt;  [25,] 0.3812611 0.31821679 0.30052211</span></a>
<a class="sourceLine" id="cb6-32" data-line-number="32"><span class="co">#&gt;  [26,] 0.3473388 0.22132010 0.43134113</span></a>
<a class="sourceLine" id="cb6-33" data-line-number="33"><span class="co">#&gt;  [27,] 0.3884189 0.40955219 0.20202890</span></a>
<a class="sourceLine" id="cb6-34" data-line-number="34"><span class="co">#&gt;  [28,] 0.2476446 0.53624815 0.21610728</span></a>
<a class="sourceLine" id="cb6-35" data-line-number="35"><span class="co">#&gt;  [29,] 0.4297631 0.19606051 0.37417637</span></a>
<a class="sourceLine" id="cb6-36" data-line-number="36"><span class="co">#&gt;  [30,] 0.3209738 0.19907556 0.47995067</span></a>
<a class="sourceLine" id="cb6-37" data-line-number="37"><span class="co">#&gt;  [31,] 0.3320733 0.10108551 0.56684114</span></a>
<a class="sourceLine" id="cb6-38" data-line-number="38"><span class="co">#&gt;  [32,] 0.3089869 0.47886716 0.21214597</span></a>
<a class="sourceLine" id="cb6-39" data-line-number="39"><span class="co">#&gt;  [33,] 0.1432741 0.08766623 0.76905962</span></a>
<a class="sourceLine" id="cb6-40" data-line-number="40"><span class="co">#&gt;  [34,] 0.2551965 0.30487422 0.43992927</span></a>
<a class="sourceLine" id="cb6-41" data-line-number="41"><span class="co">#&gt;  [35,] 0.2419120 0.55294585 0.20514215</span></a>
<a class="sourceLine" id="cb6-42" data-line-number="42"><span class="co">#&gt;  [36,] 0.3510438 0.37839768 0.27055856</span></a>
<a class="sourceLine" id="cb6-43" data-line-number="43"><span class="co">#&gt;  [37,] 0.3032531 0.50852274 0.18822419</span></a>
<a class="sourceLine" id="cb6-44" data-line-number="44"><span class="co">#&gt;  [38,] 0.3757522 0.19104987 0.43319792</span></a>
<a class="sourceLine" id="cb6-45" data-line-number="45"><span class="co">#&gt;  [39,] 0.1629021 0.18637772 0.65072022</span></a>
<a class="sourceLine" id="cb6-46" data-line-number="46"><span class="co">#&gt;  [40,] 0.5604136 0.22995364 0.20963272</span></a>
<a class="sourceLine" id="cb6-47" data-line-number="47"><span class="co">#&gt;  [41,] 0.2971970 0.36545866 0.33734438</span></a>
<a class="sourceLine" id="cb6-48" data-line-number="48"><span class="co">#&gt;  [42,] 0.3044571 0.27777479 0.41776811</span></a>
<a class="sourceLine" id="cb6-49" data-line-number="49"><span class="co">#&gt;  [43,] 0.1335030 0.72368486 0.14281217</span></a>
<a class="sourceLine" id="cb6-50" data-line-number="50"><span class="co">#&gt;  [44,] 0.3817573 0.53481330 0.08342936</span></a>
<a class="sourceLine" id="cb6-51" data-line-number="51"><span class="co">#&gt;  [45,] 0.3239478 0.19706690 0.47898525</span></a>
<a class="sourceLine" id="cb6-52" data-line-number="52"><span class="co">#&gt;  [46,] 0.2162065 0.33854833 0.44524521</span></a>
<a class="sourceLine" id="cb6-53" data-line-number="53"><span class="co">#&gt;  [47,] 0.3343163 0.36384447 0.30183918</span></a>
<a class="sourceLine" id="cb6-54" data-line-number="54"><span class="co">#&gt;  [48,] 0.3373925 0.26000441 0.40260306</span></a>
<a class="sourceLine" id="cb6-55" data-line-number="55"><span class="co">#&gt;  [49,] 0.3199763 0.12203428 0.55798939</span></a>
<a class="sourceLine" id="cb6-56" data-line-number="56"><span class="co">#&gt;  [50,] 0.3667437 0.43202362 0.20123270</span></a>
<a class="sourceLine" id="cb6-57" data-line-number="57"><span class="co">#&gt;  [51,] 0.1434877 0.34677200 0.50974033</span></a>
<a class="sourceLine" id="cb6-58" data-line-number="58"><span class="co">#&gt;  [52,] 0.1495312 0.48064474 0.36982408</span></a>
<a class="sourceLine" id="cb6-59" data-line-number="59"><span class="co">#&gt;  [53,] 0.5270187 0.35945678 0.11352451</span></a>
<a class="sourceLine" id="cb6-60" data-line-number="60"><span class="co">#&gt;  [54,] 0.3932309 0.35801768 0.24875143</span></a>
<a class="sourceLine" id="cb6-61" data-line-number="61"><span class="co">#&gt;  [55,] 0.1525723 0.35469702 0.49273068</span></a>
<a class="sourceLine" id="cb6-62" data-line-number="62"><span class="co">#&gt;  [56,] 0.5005026 0.35798409 0.14151333</span></a>
<a class="sourceLine" id="cb6-63" data-line-number="63"><span class="co">#&gt;  [57,] 0.2987871 0.53401337 0.16719950</span></a>
<a class="sourceLine" id="cb6-64" data-line-number="64"><span class="co">#&gt;  [58,] 0.2479142 0.06421850 0.68786727</span></a>
<a class="sourceLine" id="cb6-65" data-line-number="65"><span class="co">#&gt;  [59,] 0.3436198 0.57577107 0.08060914</span></a>
<a class="sourceLine" id="cb6-66" data-line-number="66"><span class="co">#&gt;  [60,] 0.2291937 0.42744073 0.34336555</span></a>
<a class="sourceLine" id="cb6-67" data-line-number="67"><span class="co">#&gt;  [61,] 0.3769664 0.29094102 0.33209258</span></a>
<a class="sourceLine" id="cb6-68" data-line-number="68"><span class="co">#&gt;  [62,] 0.2160133 0.66322185 0.12076483</span></a>
<a class="sourceLine" id="cb6-69" data-line-number="69"><span class="co">#&gt;  [63,] 0.5618954 0.28674310 0.15136147</span></a>
<a class="sourceLine" id="cb6-70" data-line-number="70"><span class="co">#&gt;  [64,] 0.5301192 0.23807516 0.23180563</span></a>
<a class="sourceLine" id="cb6-71" data-line-number="71"><span class="co">#&gt;  [65,] 0.3988250 0.34142789 0.25974707</span></a>
<a class="sourceLine" id="cb6-72" data-line-number="72"><span class="co">#&gt;  [66,] 0.2281942 0.36102795 0.41077789</span></a>
<a class="sourceLine" id="cb6-73" data-line-number="73"><span class="co">#&gt;  [67,] 0.3817828 0.35942202 0.25879519</span></a>
<a class="sourceLine" id="cb6-74" data-line-number="74"><span class="co">#&gt;  [68,] 0.2600672 0.14774866 0.59218418</span></a>
<a class="sourceLine" id="cb6-75" data-line-number="75"><span class="co">#&gt;  [69,] 0.5248993 0.20094401 0.27415669</span></a>
<a class="sourceLine" id="cb6-76" data-line-number="76"><span class="co">#&gt;  [70,] 0.2282856 0.36047731 0.41123713</span></a>
<a class="sourceLine" id="cb6-77" data-line-number="77"><span class="co">#&gt;  [71,] 0.4729243 0.21493482 0.31214086</span></a>
<a class="sourceLine" id="cb6-78" data-line-number="78"><span class="co">#&gt;  [72,] 0.2206409 0.32648108 0.45287804</span></a>
<a class="sourceLine" id="cb6-79" data-line-number="79"><span class="co">#&gt;  [73,] 0.4460325 0.22541033 0.32855713</span></a>
<a class="sourceLine" id="cb6-80" data-line-number="80"><span class="co">#&gt;  [74,] 0.6055364 0.28235392 0.11210970</span></a>
<a class="sourceLine" id="cb6-81" data-line-number="81"><span class="co">#&gt;  [75,] 0.5403254 0.20075971 0.25891491</span></a>
<a class="sourceLine" id="cb6-82" data-line-number="82"><span class="co">#&gt;  [76,] 0.2864603 0.65687466 0.05666504</span></a>
<a class="sourceLine" id="cb6-83" data-line-number="83"><span class="co">#&gt;  [77,] 0.3183391 0.26889113 0.41276975</span></a>
<a class="sourceLine" id="cb6-84" data-line-number="84"><span class="co">#&gt;  [78,] 0.3526573 0.45152268 0.19581999</span></a>
<a class="sourceLine" id="cb6-85" data-line-number="85"><span class="co">#&gt;  [79,] 0.2073068 0.15029409 0.64239909</span></a>
<a class="sourceLine" id="cb6-86" data-line-number="86"><span class="co">#&gt;  [80,] 0.4849239 0.43618274 0.07889340</span></a>
<a class="sourceLine" id="cb6-87" data-line-number="87"><span class="co">#&gt;  [81,] 0.4307104 0.11083520 0.45845438</span></a>
<a class="sourceLine" id="cb6-88" data-line-number="88"><span class="co">#&gt;  [82,] 0.2666911 0.15947311 0.57383577</span></a>
<a class="sourceLine" id="cb6-89" data-line-number="89"><span class="co">#&gt;  [83,] 0.2165699 0.13176906 0.65166101</span></a>
<a class="sourceLine" id="cb6-90" data-line-number="90"><span class="co">#&gt;  [84,] 0.3277685 0.13131127 0.54092027</span></a>
<a class="sourceLine" id="cb6-91" data-line-number="91"><span class="co">#&gt;  [85,] 0.2568678 0.22781318 0.51531899</span></a>
<a class="sourceLine" id="cb6-92" data-line-number="92"><span class="co">#&gt;  [86,] 0.4684926 0.31745088 0.21405650</span></a>
<a class="sourceLine" id="cb6-93" data-line-number="93"><span class="co">#&gt;  [87,] 0.2716617 0.53336131 0.19497697</span></a>
<a class="sourceLine" id="cb6-94" data-line-number="94"><span class="co">#&gt;  [88,] 0.1680514 0.23433290 0.59761572</span></a>
<a class="sourceLine" id="cb6-95" data-line-number="95"><span class="co">#&gt;  [89,] 0.2727501 0.60199633 0.12525362</span></a>
<a class="sourceLine" id="cb6-96" data-line-number="96"><span class="co">#&gt;  [90,] 0.1494016 0.23637658 0.61422184</span></a>
<a class="sourceLine" id="cb6-97" data-line-number="97"><span class="co">#&gt;  [91,] 0.4047775 0.11748520 0.47773726</span></a>
<a class="sourceLine" id="cb6-98" data-line-number="98"><span class="co">#&gt;  [92,] 0.3051090 0.19743003 0.49746096</span></a>
<a class="sourceLine" id="cb6-99" data-line-number="99"><span class="co">#&gt;  [93,] 0.3170900 0.21737170 0.46553825</span></a>
<a class="sourceLine" id="cb6-100" data-line-number="100"><span class="co">#&gt;  [94,] 0.2594366 0.13760319 0.60296016</span></a>
<a class="sourceLine" id="cb6-101" data-line-number="101"><span class="co">#&gt;  [95,] 0.2620679 0.36785193 0.37008016</span></a>
<a class="sourceLine" id="cb6-102" data-line-number="102"><span class="co">#&gt;  [96,] 0.2630407 0.24974410 0.48721516</span></a>
<a class="sourceLine" id="cb6-103" data-line-number="103"><span class="co">#&gt;  [97,] 0.3623842 0.28143140 0.35618444</span></a>
<a class="sourceLine" id="cb6-104" data-line-number="104"><span class="co">#&gt;  [98,] 0.1352594 0.06297348 0.80176713</span></a>
<a class="sourceLine" id="cb6-105" data-line-number="105"><span class="co">#&gt;  [99,] 0.3079810 0.24056267 0.45145631</span></a>
<a class="sourceLine" id="cb6-106" data-line-number="106"><span class="co">#&gt; [100,] 0.4030091 0.26566420 0.33132673</span></a>
<a class="sourceLine" id="cb6-107" data-line-number="107"><span class="co">#&gt; </span></a>
<a class="sourceLine" id="cb6-108" data-line-number="108"><span class="co">#&gt; $misclassification</span></a>
<a class="sourceLine" id="cb6-109" data-line-number="109"><span class="co">#&gt; [1] 0.51</span></a></code></pre></div>



<!-- code folding -->


<!-- dynamically load mathjax for compatibility with self-contained -->
<script>
  (function () {
    var script = document.createElement("script");
    script.type = "text/javascript";
    script.src  = "https://mathjax.rstudio.com/latest/MathJax.js?config=TeX-AMS-MML_HTMLorMML";
    document.getElementsByTagName("head")[0].appendChild(script);
  })();
</script>

</body>
</html>
